Version 0.9.7
5
 4 187 223 77 128 0 1
 5 665 434 206 81 2 2
 0 268 151 877 276 8 3
 3 484 84 203 58 140 4
 6 695 12 449 130 149 5
 1
32
 255 5 248 237 248 237 248 178 248 178 321 178 321 178 0 1 0 3
 255 5 1088 178 1088 178 1152 178 1152 412 1088 412 1088 412 0 3 0 3
 0 5 248 336 248 336 248 399 248 399 321 399 321 399 0 1 0 3
 0 5 1088 165 1088 165 1161 165 1161 399 1088 399 1088 399 0 3 0 3
 255 5 711 39 711 39 704 39 704 178 698 178 698 178 0 5 0 3
 0 5 495 121 495 121 492 121 492 165 490 165 490 165 0 4 0 3
 0 5 958 360 958 360 961 360 961 399 958 399 958 399 0 3 0 3
 8454143 5 836 135 836 135 836 206 906 206 906 217 906 217 0 5 0 3
 8454016 5 849 135 849 135 849 196 919 196 919 217 919 217 0 5 0 3
 16744448 5 862 135 862 135 862 185 932 185 932 217 932 217 0 5 0 3
 4227327 5 875 135 875 135 875 173 945 173 945 217 945 217 0 5 0 3
 16744576 5 888 135 888 135 888 161 958 161 958 217 958 217 0 5 0 3
 8421376 5 893 217 893 225 969 225 969 146 914 146 914 135 0 3 0 5
 255 5 867 217 867 217 869 217 869 178 867 178 867 178 0 3 0 3
 16744703 5 901 135 901 146 825 146 825 225 880 225 880 217 0 5 0 3
 16384 5 893 347 893 347 893 347 906 347 906 347 906 347 0 3 0 3
 16384 5 906 360 906 360 906 360 919 360 919 360 919 360 0 3 0 3
 16711680 5 880 360 880 360 883 360 883 399 880 399 880 399 0 3 0 3
 16711680 5 932 360 932 360 936 360 936 399 932 399 932 399 0 3 0 3
 0 5 680 503 680 503 659 503 659 503 659 399 659 399 0 2 0 3
 255 5 672 412 672 412 672 445 672 445 680 445 680 445 0 3 0 2
 0 5 815 360 815 360 819 360 819 399 815 399 815 399 0 3 0 3
 33023 5 838 445 838 445 838 374 724 374 724 360 724 360 0 2 0 3
 16711808 5 737 321 737 321 737 321 750 321 750 321 750 321 0 3 0 3
 33023 5 763 256 763 252 712 252 712 321 724 321 724 321 0 3 0 3
 16711808 5 789 243 789 243 789 243 776 243 776 243 776 243 0 3 0 3
 65280 5 776 321 776 321 780 321 780 256 776 256 776 256 0 3 0 3
 255 5 724 178 724 178 727 178 727 217 724 217 724 217 0 3 0 3
 8421631 5 550 128 550 128 550 226 776 226 776 217 776 217 0 4 0 3
 8421631 5 776 334 776 334 776 336 945 336 945 334 945 334 0 3 0 3
 8454143 5 815 256 815 256 842 256 842 321 867 321 867 321 0 3 0 3
 8454143 5 815 230 815 230 815 235 530 235 530 128 530 128 0 3 0 4
2
 7047 1 16 861 269 5 0 12550560 0 3
 7112 1 16 718 269 5 0 13023632 0 3
