Version 0.9.7
5
 4 467 398 77 128 0 1
 5 80 400 206 81 2 2
 0 550 324 877 276 8 3
 1 615 606 206 81 140 4
 3 852 608 203 58 150 5
 0
22
 255 5 528 412 528 412 528 351 528 351 603 351 603 351 0 1 0 3
 255 5 1370 351 1370 351 1436 351 1436 585 1370 585 1370 585 0 3 0 3
 0 5 528 511 528 511 528 572 528 572 603 572 603 572 0 1 0 3
 0 5 1370 338 1370 338 1446 338 1446 572 1370 572 1370 572 0 3 0 3
 0 5 772 533 772 533 775 533 775 572 772 572 772 572 0 3 0 3
 0 5 902 533 902 533 905 533 905 572 902 572 902 572 0 3 0 3
 255 5 694 390 694 390 692 390 692 351 694 351 694 351 0 3 0 3
 255 5 824 390 824 390 821 390 821 351 824 351 824 351 0 3 0 3
 65535 5 690 617 690 617 689 617 689 533 694 533 694 533 0 4 0 3
 16744448 5 707 533 707 533 705 533 705 617 709 617 709 617 0 3 0 4
 65408 5 671 617 671 617 671 492 733 492 733 494 733 494 0 4 0 3
 16744448 5 707 507 707 507 707 504 746 504 746 507 746 507 0 3 0 3
 65408 5 671 630 671 630 661 630 661 429 707 429 707 429 0 4 0 3
 65535 5 694 507 694 507 694 420 720 420 720 429 720 429 0 3 0 3
 33023 5 720 520 720 520 720 522 824 522 824 520 824 520 0 3 0 3
 8388863 5 759 494 759 494 759 497 837 497 837 494 837 494 0 3 0 3
 16711808 5 850 494 850 494 850 498 863 498 863 494 863 494 0 3 0 3
 16711935 5 876 494 876 494 876 424 733 424 733 429 733 429 0 3 0 3
 8421631 5 889 533 889 533 883 533 883 652 898 652 898 652 0 3 0 5
 0 5 863 645 863 645 863 645 863 572 863 572 863 572 0 5 0 3
 0 5 630 675 630 675 616 675 616 675 616 572 616 572 0 4 0 3
 255 5 629 585 629 585 629 617 629 617 630 617 630 617 0 3 0 4
2
 7008 1 14 688 442 5 0 11373008 0 3
 7032 1 14 818 442 5 0 11373008 0 3
