Version 0.9.7
6
 4 192 231 77 128 0 1
 5 350 440 206 81 2 2
 0 275 156 877 276 8 3
 3 448 89 203 58 140 4
 1 573 439 206 81 165 5
 6 708 12 449 130 224 7
 1
51
 255 5 253 245 253 245 253 183 253 183 328 183 328 183 0 1 0 3
 255 5 1095 183 1095 183 1160 183 1160 417 1095 417 1095 417 0 3 0 3
 0 5 253 344 253 344 253 404 253 404 328 404 328 404 0 1 0 3
 0 5 1095 170 1095 170 1169 170 1169 404 1095 404 1095 404 0 3 0 3
 255 5 365 451 365 451 354 451 354 451 354 417 354 417 0 2 0 3
 65793 5 341 404 341 404 341 509 341 509 365 509 365 509 0 3 0 2
 65280 5 471 326 471 326 465 326 465 261 458 261 458 261 0 3 0 3
 12632256 5 510 261 510 261 529 261 529 326 562 326 562 326 0 3 0 3
 65280 5 601 261 601 261 608 261 608 326 614 326 614 326 0 3 0 3
 16744448 5 562 339 562 339 562 334 705 334 705 339 705 339 0 3 0 3
 65535 5 653 261 653 261 680 261 680 326 718 326 718 326 0 3 0 3
 8388863 5 432 261 432 261 432 258 445 258 445 261 445 261 0 3 0 3
 8388863 5 575 261 575 261 575 261 575 261 588 261 588 261 0 3 0 3
 8388863 5 731 326 731 318 692 318 692 221 588 221 588 222 0 3 0 3
 16711808 5 432 326 432 326 432 322 445 322 445 326 445 326 0 3 0 3
 16711808 5 575 326 575 326 575 323 588 323 588 326 588 326 0 3 0 3
 16711808 5 484 261 484 261 484 258 497 258 497 261 497 261 0 3 0 3
 16711808 5 640 261 640 261 640 258 627 258 627 261 627 261 0 3 0 3
 16711808 5 445 339 445 341 477 341 477 248 484 248 484 248 0 3 0 3
 16711808 5 588 339 588 341 617 341 617 248 627 248 627 248 0 3 0 3
 16776960 5 575 365 575 365 545 365 545 248 497 248 497 248 0 3 0 3
 0 5 459 126 459 126 459 170 459 170 458 170 458 170 0 4 0 3
 0 5 783 365 783 365 786 365 786 404 783 404 783 404 0 3 0 3
 0 5 653 365 653 365 656 365 656 404 653 404 653 404 0 3 0 3
 255 5 419 183 419 183 422 183 422 222 419 222 419 222 0 3 0 3
 255 5 562 222 562 222 565 222 565 183 562 183 562 183 0 3 0 3
 255 5 705 183 705 183 708 183 708 222 705 222 705 222 0 3 0 3
 0 5 510 365 510 363 513 363 513 404 510 404 510 404 0 3 0 3
 8454143 5 510 222 510 222 510 147 534 147 534 133 534 133 0 3 0 4
 8421631 5 554 133 554 133 554 157 534 157 534 235 458 235 0 4 0 3
 8454016 5 601 235 601 235 601 172 522 172 522 133 514 133 0 3 0 4
 16744703 5 494 133 494 133 494 201 653 201 653 235 653 235 0 4 0 3
 33023 5 419 365 419 365 420 365 420 423 523 423 523 451 0 3 0 2
 0 5 926 365 926 365 929 365 929 404 926 404 926 404 0 3 0 3
 255 5 835 183 835 183 838 183 838 222 835 222 835 222 0 3 0 3
 255 5 724 39 724 39 692 39 692 39 692 183 692 183 0 7 0 3
 65535 5 874 222 874 222 874 196 850 196 850 135 849 135 0 3 0 7
 65280 5 887 222 887 222 887 186 862 186 862 135 862 135 0 3 0 7
 16711680 5 875 135 875 135 875 175 900 175 900 222 900 222 0 7 0 3
 33023 5 888 135 888 135 888 165 913 165 913 222 913 222 0 7 0 3
 16711808 5 926 222 926 222 926 154 901 154 901 135 901 135 0 3 0 7
 8388863 5 914 135 914 145 827 145 827 239 848 239 848 235 0 7 0 3
 8421631 5 471 365 471 365 471 373 913 373 913 365 913 365 0 3 0 3
 8454143 5 705 365 705 365 705 360 835 360 835 365 835 365 0 3 0 3
 8454016 5 614 352 614 352 614 348 848 348 848 352 848 352 0 3 0 3
 16744703 5 718 339 718 339 718 334 900 334 900 339 900 339 0 3 0 3
 12615680 5 861 235 861 239 937 239 937 135 927 135 927 135 0 3 0 7
 0 5 562 404 562 404 562 508 562 508 588 508 588 508 0 3 0 5
 255 5 575 417 575 417 575 450 575 450 588 450 588 450 0 3 0 5
 16384 5 861 352 861 352 861 352 874 352 874 352 874 352 0 3 0 3
 16384 5 874 365 874 365 874 365 887 365 887 365 887 365 0 3 0 3
4
 7112 1 16 413 274 5 0 88 1 3
 7112 1 16 556 274 5 0 26 5 3
 7000 1 14 699 274 5 0 88 2 3
 7047 1 16 829 274 5 0 88 3 3
