Version 0.9.7
7
 4 187 223 77 128 0 1
 5 100 400 206 81 2 2
 0 268 151 877 276 8 3
 3 484 84 203 58 140 4
 6 695 12 449 130 149 5
 1 277 433 206 81 246 10
 1 538 434 206 81 256 11
 0
53
 255 5 248 237 248 237 248 178 248 178 321 178 321 178 0 1 0 3
 255 5 1088 178 1088 178 1152 178 1152 412 1088 412 1088 412 0 3 0 3
 0 5 248 336 248 336 248 399 248 399 321 399 321 399 0 1 0 3
 0 5 1088 165 1088 165 1161 165 1161 399 1088 399 1088 399 0 3 0 3
 0 5 495 121 495 121 492 121 492 165 490 165 490 165 0 4 0 3
 255 5 477 178 477 178 479 178 479 217 477 217 477 217 0 3 0 3
 255 5 620 217 620 217 622 217 622 178 620 178 620 178 0 3 0 3
 0 5 568 360 568 360 570 360 570 399 568 399 568 399 0 3 0 3
 0 5 698 360 698 360 700 360 700 399 698 399 698 399 0 3 0 3
 0 5 248 323 248 323 248 502 248 502 292 502 292 502 0 1 0 10
 255 5 321 412 321 412 321 444 321 444 292 444 292 444 0 3 0 10
 16744448 5 334 360 334 360 334 444 334 444 333 444 333 444 0 3 0 10
 16744448 5 347 360 347 360 347 470 347 470 352 470 352 470 0 3 0 10
 16744448 5 360 360 360 360 360 457 360 457 371 457 371 457 0 3 0 10
 16744448 5 373 360 373 360 373 444 373 444 390 444 390 444 0 3 0 10
 16744448 5 529 321 529 321 529 321 334 321 334 321 334 321 0 3 0 3
 16744448 5 503 334 503 334 503 334 347 334 347 334 347 334 0 3 0 3
 16744448 5 360 308 360 308 360 308 360 269 360 269 360 269 0 3 0 3
 16744448 5 373 269 373 269 373 269 373 308 373 308 373 308 0 3 0 3
 16744448 5 360 256 360 256 360 256 503 256 503 256 503 256 0 3 0 3
 16744448 5 373 243 373 243 373 243 529 243 529 243 529 243 0 3 0 3
 16744576 5 594 445 594 445 594 445 594 445 594 360 594 360 0 11 0 3
 16744576 5 594 321 594 321 594 321 620 321 620 321 620 321 0 3 0 3
 16744576 5 594 334 594 334 594 334 659 334 659 334 659 334 0 3 0 3
 16744576 5 594 308 594 308 594 308 594 269 594 269 594 269 0 3 0 3
 16744576 5 594 256 594 256 594 256 633 256 633 256 633 256 0 3 0 3
 16744576 5 594 243 594 243 594 243 672 243 672 243 672 243 0 3 0 3
 8454016 5 727 471 727 471 763 471 763 471 763 360 763 360 0 11 0 3
 8454016 5 708 458 708 458 750 458 750 458 750 360 750 360 0 11 0 3
 8454016 5 689 445 689 445 737 445 737 445 737 360 737 360 0 11 0 3
 8454016 5 670 445 670 445 670 434 724 434 724 360 724 360 0 11 0 3
 8454016 5 633 321 633 321 633 321 724 321 724 321 724 321 0 3 0 3
 8454016 5 672 334 672 334 672 334 737 334 737 334 737 334 0 3 0 3
 8454016 5 750 308 750 308 750 308 750 269 750 269 750 269 0 3 0 3
 8454016 5 763 269 763 269 763 269 763 308 763 308 763 308 0 3 0 3
 8454016 5 646 256 646 256 646 256 750 256 750 256 750 256 0 3 0 3
 8454016 5 685 243 685 243 685 243 763 243 763 243 763 243 0 3 0 3
 12615935 5 646 347 646 347 646 347 646 347 542 347 542 347 0 3 0 3
 12615935 5 685 347 685 347 685 354 490 354 490 347 490 347 0 3 0 3
 12615935 5 659 230 659 230 659 224 490 224 490 230 490 230 0 3 0 3
 12615935 5 698 230 698 230 698 230 698 230 542 230 542 230 0 3 0 3
 8454143 5 516 360 516 360 516 360 451 360 451 360 451 360 0 3 0 3
 8454143 5 477 347 477 347 477 347 438 347 438 347 438 347 0 3 0 3
 8454143 5 451 308 451 308 451 308 451 269 451 269 451 269 0 3 0 3
 8454143 5 438 269 438 269 438 269 438 308 438 308 438 308 0 3 0 3
 8454143 5 451 217 451 217 451 207 530 207 530 128 530 128 0 3 0 4
 8454143 5 438 217 438 217 438 199 550 199 550 128 550 128 0 3 0 4
 8454143 5 516 217 516 217 516 191 570 191 570 128 570 128 0 3 0 4
 8454143 5 555 217 555 217 555 203 590 203 590 128 590 128 0 3 0 4
 255 5 542 412 542 412 542 445 542 445 553 445 553 445 0 3 0 11
 0 5 529 399 529 399 529 503 529 503 553 503 553 503 0 3 0 11
 16744576 5 594 458 594 458 594 371 555 371 555 360 555 360 0 11 0 3
 4227327 5 568 217 606 217 606 205 670 205 670 128 670 128 0 3 0 4
2
 7283 1 16 471 269 5 0 0 8583448 3
 7086 1 14 614 269 5 0 0 8583448 3
