Version 0.9.7
9
 4 10 175 77 128 0 1
 5 224 530 206 81 2 2
 3 604 24 203 58 8 3
 0 120 120 877 276 17 4
 1 201 425 206 81 149 5
 1 411 424 206 81 159 6
 0 120 634 877 276 169 9
 2 473 530 206 81 301 10
 3 760 535 203 58 311 11
 1
64
 255 5 71 189 71 189 71 189 71 134 173 134 173 134 0 1 0 4
 255 5 940 134 940 134 966 134 966 381 940 381 940 381 0 4 0 4
 0 5 940 368 940 368 954 368 954 147 940 147 940 147 0 4 0 4
 0 5 355 329 355 329 355 329 355 368 355 368 355 368 0 4 0 4
 0 5 667 329 667 329 667 329 667 329 667 368 667 368 0 4 0 4
 255 5 264 186 264 186 264 186 264 134 264 134 264 134 0 4 0 4
 255 5 589 186 589 186 589 186 589 134 589 134 589 134 0 4 0 4
 255 5 216 436 216 436 186 436 186 436 186 381 186 381 0 5 0 4
 0 5 216 494 216 494 179 494 179 368 186 368 186 368 0 5 0 4
 255 5 426 435 426 435 429 435 429 381 433 381 433 381 0 6 0 4
 0 5 426 493 426 493 421 493 421 368 433 368 433 368 0 6 0 4
 16776960 5 264 316 264 316 264 284 467 284 467 435 467 435 0 4 0 6
 8453888 5 654 225 654 225 505 225 505 225 505 435 505 435 0 4 0 6
 8404992 5 277 225 277 225 277 125 486 125 486 435 486 435 0 4 0 6
 65793 5 71 249 71 249 85 249 85 147 173 147 173 147 0 1 0 4
 8421631 5 615 290 615 290 680 290 680 115 650 115 650 68 0 4 0 3
 8421631 5 628 303 628 303 688 303 688 107 670 107 670 68 0 4 0 3
 8421631 5 641 316 641 316 699 316 699 98 690 98 690 68 0 4 0 3
 8421631 5 654 329 654 329 710 329 710 329 710 68 710 68 0 4 0 3
 8421631 5 641 186 641 186 641 127 730 127 730 68 730 68 0 4 0 3
 8421631 5 750 68 750 68 750 137 628 137 628 186 628 186 0 3 0 4
 8421631 5 770 68 770 68 770 149 615 149 615 186 615 186 0 3 0 4
 8421631 5 602 186 602 186 602 160 790 160 790 68 790 68 0 4 0 3
 8388863 5 589 290 589 290 589 258 355 258 355 225 355 225 0 4 0 4
 16744576 5 257 436 249 436 249 214 329 214 329 225 329 225 0 5 0 4
 16744576 5 276 436 276 426 238 426 238 225 316 225 316 225 0 5 0 4
 16744576 5 295 436 295 413 228 413 228 199 303 199 303 199 0 5 0 4
 16744576 5 314 436 314 400 218 400 218 225 290 225 290 225 0 5 0 4
 16744576 5 333 436 333 436 333 390 290 390 290 329 290 329 0 5 0 4
 16744576 5 303 329 303 329 303 380 352 380 352 436 352 436 0 4 0 5
 16744576 5 371 436 371 436 371 368 316 368 316 329 316 329 0 5 0 4
 16744576 5 390 436 390 436 390 350 329 350 329 329 329 329 0 5 0 4
 255 5 602 329 602 329 602 329 602 381 602 381 602 381 0 4 0 4
 65793 5 615 61 615 61 615 61 615 147 615 147 615 147 0 3 0 4
 65793 5 173 368 173 368 97 368 97 648 173 648 173 648 0 4 0 9
 65793 5 940 648 940 648 955 648 955 882 940 882 940 882 0 9 0 9
 255 5 940 661 940 661 966 661 966 895 940 895 940 895 0 9 0 9
 255 5 173 661 173 661 108 661 108 381 173 381 173 381 0 9 0 4
 0 5 485 648 485 648 485 599 485 599 488 599 488 599 0 9 0 10
 255 5 488 541 488 541 472 541 472 541 472 661 472 661 0 10 0 9
 0 5 239 599 239 599 239 648 239 648 238 648 238 648 0 2 0 9
 255 5 212 661 212 661 212 541 212 541 239 541 239 541 0 9 0 2
 0 5 277 882 277 882 277 882 277 843 277 843 277 843 0 9 0 9
 255 5 199 661 199 661 199 661 199 700 199 700 199 700 0 9 0 9
 255 5 355 700 355 700 355 700 355 661 355 661 355 661 0 9 0 9
 255 5 511 661 511 661 511 661 511 700 511 700 511 700 0 9 0 9
 0 5 407 882 407 882 407 882 407 843 407 843 407 843 0 9 0 9
 0 5 433 882 433 882 433 882 433 843 433 843 433 843 0 9 0 9
 0 5 602 882 602 882 602 882 602 843 602 843 602 843 0 9 0 9
 16711808 5 212 700 212 700 212 691 370 691 370 700 368 700 0 9 0 9
 16777215 5 225 739 300 739 300 810 420 810 420 804 420 804 0 9 0 9
 16777215 5 225 726 225 726 225 726 550 726 550 726 550 726 0 9 0 9
 12615808 5 277 713 277 713 277 705 563 705 563 713 563 713 0 9 0 9
 16777215 5 662 567 686 567 686 678 225 678 225 700 225 700 0 10 0 9
 8421440 5 394 817 394 817 394 817 511 817 511 817 511 817 0 9 0 9
 33023 5 394 739 394 739 394 739 589 739 589 739 589 739 0 9 0 9
 65280 5 381 700 381 700 381 567 381 567 359 567 359 567 0 9 0 2
 12615935 5 602 726 602 726 602 726 563 726 563 726 563 726 0 9 0 9
 0 5 771 572 771 572 771 572 771 648 771 648 771 648 0 11 0 9
 65535 5 368 739 342 739 342 626 806 626 806 579 806 579 0 9 0 11
 65535 5 589 713 589 713 589 615 946 615 946 579 946 579 0 9 0 11
 65535 5 732 700 733 700 733 309 277 309 277 329 277 329 0 9 0 4
 65535 5 732 713 732 713 732 718 368 718 368 713 368 713 0 9 0 9
 65535 5 732 726 732 726 745 726 745 225 667 225 667 225 0 9 0 4
5
 7164 1 14 583 238 5 0 0 8583448 4
 7165 1 16 258 238 5 0 0 8583448 4
 7393 1 14 193 752 5 0 0 8583448 9
 7002 1 14 349 752 5 0 0 8583448 9
 7175 1 16 505 752 5 0 0 8583448 9
