Version 0.9.7
5
 4 478 350 77 128 0 1
 5 80 400 206 81 2 2
 0 562 272 877 276 8 3
 1 642 558 206 81 152 5
 3 866 559 203 58 162 6
 0
16
 255 5 539 364 539 364 539 292 615 292 615 299 615 299 0 1 0 3
 255 5 1382 299 1382 299 1448 299 1448 533 1382 533 1382 533 0 3 0 3
 65793 5 539 463 539 463 539 523 615 523 615 520 615 520 0 1 0 3
 65793 5 1382 286 1382 286 1461 286 1461 520 1382 520 1382 520 0 3 0 3
 65793 5 771 481 771 481 775 481 775 520 771 520 771 520 0 3 0 3
 65793 5 901 481 901 481 905 481 905 520 901 520 901 520 0 3 0 3
 255 5 823 338 823 338 827 338 827 299 823 299 823 299 0 3 0 3
 255 5 693 299 693 299 699 299 699 338 693 338 693 338 0 3 0 3
 65793 5 641 520 638 520 638 630 657 630 657 627 657 627 0 3 0 5
 65793 5 877 596 877 596 862 596 862 596 862 520 862 520 0 6 0 3
 16711808 5 717 569 717 569 706 569 706 569 706 481 706 481 0 5 0 3
 8388863 5 836 442 836 442 836 446 693 446 693 442 693 442 0 3 0 3
 16711680 5 698 569 698 569 698 458 823 458 823 455 823 455 0 5 0 3
 4259584 5 719 468 719 471 888 471 888 613 932 613 932 603 0 3 0 6
 255 5 654 533 654 533 651 533 651 570 657 570 657 569 0 3 0 5
 65535 5 698 582 698 582 698 578 898 578 898 603 912 603 0 5 0 6
2
 7008 1 14 687 390 5 0 13811760 0 3
 7004 1 14 817 390 5 0 13811760 0 3
